80
443
81
82
83
84
85
88
800
801
808
888
3000
3001
3002
3003
3004
3005
5000
5001
5002
5003
5173
5174
8000
8001
8002
8003
8004
8005
8080
8081
8082
8083
8084
8085
8090
8091
8092
8093
8094
8095
4433
4443
4444
8443
8444
9443
7001
7002
7003
7004
7005
7006
7007
7008
7009
7010
7070
7071
7200
7201
7202
8888
8889
8890
9000
9001
9002
9003
9004
9005
9090
9091
9092
5601
9200
9300
9418
15672
19999
10000
10001
10443
11000
12000
16080
18080
8086
8088
9009
9093
30033
3333
4444
50000
50001
5555
6666
7777
8880
8881
1337
31337
